-2.9799e-07 1 1.22906e-07 1 1 2.9799e-07 -2.20668e-07 2.01907e-06 -2.20668e-07 1.22906e-07 -1 -4.38178e-06
-4.75212e-07 1 -1.48476e-09 2 1 4.75212e-07 -4.16405e-07 1.23528e-05 -4.16405e-07 -1.48496e-09 -1 -1.15716e-05
-5.86496e-07 1 2.04835e-07 2.99999 1 5.86496e-07 -6.17446e-07 3.35242e-05 -6.17446e-07 2.04835e-07 -1 -4.96715e-05
-6.42939e-07 1 1.57954e-07 4 1 6.42939e-07 -4.72879e-07 5.10672e-05 -4.72879e-07 1.57954e-07 -1 -9.27279e-05
-3.74575e-07 1 5.1603e-07 4.99999 1 3.74575e-07 -5.77398e-07 9.069e-05 -5.77398e-07 5.1603e-07 -1 -0.000137265
-5.39258e-07 1 6.01338e-07 6 1 5.39259e-07 -7.30639e-07 0.000139625 -7.3064e-07 6.01337e-07 -1 -0.000208471
-8.1823e-07 1 3.64519e-07 7 1 8.1823e-07 -1.31476e-06 0.000200653 -1.31476e-06 3.64518e-07 -1 -0.000299326
-7.56242e-07 1 3.657e-07 8.00001 1 7.56243e-07 -1.25853e-06 0.000257398 -1.25853e-06 3.657e-07 -1 -0.000393266
-8.85652e-07 1 3.68349e-07 9.00001 1 8.85652e-07 -1.19549e-06 0.000326164 -1.19549e-06 3.68348e-07 -1 -0.000494492
-5.52168e-07 1 1.3959e-07 10 1 5.52168e-07 -1.24301e-06 0.000399502 -1.24301e-06 1.39589e-07 -1 -0.000621145
-5.15701e-07 1 3.20309e-07 11 1 5.15702e-07 -1.49458e-06 0.000500157 -1.49458e-06 3.20309e-07 -1 -0.000735129
-4.16208e-07 1 4.28823e-07 12 1 4.16209e-07 -2.17743e-06 0.000604522 -2.17743e-06 4.28822e-07 -1 -0.000872286
-5.30025e-07 1 -1.02765e-06 13.0001 1 5.30022e-07 -2.88558e-06 0.000724819 -2.88558e-06 -1.02765e-06 -1 -0.00105439
-4.71307e-07 1 -5.16293e-07 14.0001 1 4.71305e-07 -2.45103e-06 0.000835244 -2.45103e-06 -5.16295e-07 -1 -0.00123904
-1.63026e-07 1 -3.81654e-07 15.0001 1 1.63025e-07 -2.89999e-06 0.000961494 -2.89999e-06 -3.81655e-07 -1 -0.00143021
-3.27793e-07 1 -1.88261e-07 16.0001 1 3.27793e-07 -9.7318e-07 0.0010545 -9.7318e-07 -1.88261e-07 -1 -0.00165412
-7.03768e-07 1 -1.00603e-06 17.0001 1 7.03767e-07 -7.5111e-07 0.00118964 -7.51109e-07 -1.00603e-06 -1 -0.00187644
-6.89442e-07 1 -1.73722e-06 18.0001 1 6.89441e-07 -4.96628e-07 0.00132668 -4.96627e-07 -1.73722e-06 -1 -0.00209065
-7.03408e-07 1 -1.43006e-06 19.0001 1 7.03402e-07 -3.95925e-06 0.00155015 -3.95925e-06 -1.43006e-06 -1 -0.0022649
-7.9427e-07 1 -2.79228e-06 20.0001 1 7.9425e-07 -7.25892e-06 0.00179056 -7.25892e-06 -2.79228e-06 -1 -0.00253354
-9.48855e-07 1 4.1431e-07 21 1 9.48859e-07 -1.04103e-05 0.00204185 -1.04103e-05 4.143e-07 -1 -0.00280293
-6.89721e-07 1 2.12723e-06 22 1 6.89727e-07 -2.83824e-06 0.00205931 -2.83824e-06 2.12722e-06 -1 -0.00297988
-5.80572e-07 1 6.79137e-06 22.9999 1 5.80601e-07 -4.27129e-06 0.00228623 -4.27129e-06 6.79137e-06 -1 -0.00335693
-2.32004e-07 1 1.07919e-05 23.9998 1 2.31983e-07 1.86726e-06 0.00234067 1.86726e-06 1.07919e-05 -1 -0.00364871
-2.30304e-07 1 1.55542e-05 24.9996 1 2.30268e-07 2.33373e-06 0.00252249 2.33373e-06 1.55542e-05 -1 -0.00391804
-4.15991e-07 1 7.02391e-06 25.9998 1 4.15961e-07 4.36509e-06 0.00266486 4.36509e-06 7.02392e-06 -1 -0.00414899
-4.91789e-07 1 9.79817e-06 26.9997 1 4.91653e-07 1.38599e-05 0.00261801 1.38599e-05 9.79817e-06 -1 -0.00453019
-4.06502e-07 1 2.45773e-06 27.9999 1 4.06463e-07 1.58598e-05 0.00275056 1.58598e-05 2.45773e-06 -1 -0.00483722
-5.33044e-07 1 6.64256e-06 28.9998 1 5.32959e-07 1.27383e-05 0.00302641 1.27383e-05 6.64256e-06 -1 -0.00513897
-6.50198e-07 1 1.10065e-07 30 1 6.50196e-07 1.86176e-05 0.00306344 1.86176e-05 1.10077e-07 -1 -0.00539352
-4.78715e-07 1 1.2451e-05 30.9996 1 4.78465e-07 2.00609e-05 0.00322119 2.00609e-05 1.2451e-05 -1 -0.00581021
-5.52161e-07 1 1.61284e-05 31.9995 1 5.51534e-07 3.88889e-05 0.00287348 3.88889e-05 1.61284e-05 -1 -0.00614445
-7.67984e-07 1 3.96237e-05 32.9988 1 7.66274e-07 4.31418e-05 0.00290743 4.31418e-05 3.96237e-05 -1 -0.00648517
-7.16246e-07 1 4.47578e-05 33.9985 1 7.13232e-07 6.73352e-05 0.00231182 6.73352e-05 4.47579e-05 -1 -0.00691046
-6.64888e-07 1 4.68004e-05 34.9983 1 6.6146e-07 7.32418e-05 0.00223096 7.32417e-05 4.68005e-05 -1 -0.00720461
-5.92182e-07 1 6.13378e-05 35.9977 1 5.85926e-07 0.000102004 0.00139015 0.000102004 6.13379e-05 -1 -0.00759407
-3.32404e-07 1 8.38102e-05 36.9968 1 3.24087e-07 9.92322e-05 0.00152295 9.92321e-05 8.38103e-05 -1 -0.00805043
-1.816e-07 1 8.08876e-05 37.9967 1 1.72747e-07 0.000109445 0.00120039 0.000109445 8.08876e-05 -1 -0.00859161
-2.36531e-07 1 9.03557e-05 38.9961 1 2.2802e-07 9.41997e-05 0.00177737 9.41996e-05 9.03557e-05 -1 -0.009029
-2.73162e-07 1 9.58931e-05 39.9957 1 2.62386e-07 0.000112372 0.00114509 0.000112372 9.58932e-05 -1 -0.00962457
-1.36744e-07 1 0.000102632 40.9952 1 1.26071e-07 0.000104 0.00146689 0.000104 0.000102632 -1 -0.0103954
-2.24869e-07 1 8.48589e-05 41.9956 1 2.18469e-07 7.54184e-05 0.00264314 7.54184e-05 8.48589e-05 -1 -0.0108222
-1.82411e-07 1 6.55394e-05 42.9962 1 1.79265e-07 4.7993e-05 0.00386536 4.7993e-05 6.55394e-05 -1 -0.0115944
-1.15276e-07 1 8.15107e-05 43.9953 1 1.03145e-07 0.000148824 -0.000299167 0.000148824 8.15108e-05 -1 -0.0119736
-1.74621e-07 1 0.000162014 44.9914 1 1.5192e-07 0.00014012 -1.02026e-05 0.00014012 0.000162014 -1 -0.0123897
-1.74803e-07 1 0.000188815 45.9897 1 1.55888e-07 0.000100174 0.00174488 0.000100174 0.000188815 -1 -0.0131156
-5.55952e-08 1 0.000102936 46.9932 1 5.13993e-08 4.0762e-05 0.0045695 4.0762e-05 0.000102936 -1 -0.0135157
2.95917e-08 1 0.000152611 47.9904 1 -3.94374e-08 6.45149e-05 0.00358486 6.45149e-05 0.000152611 -1 -0.0140028
2.9293e-07 1 0.000136873 48.9907 1 -2.93309e-07 2.76794e-06 0.00678543 2.76798e-06 0.000136873 -1 -0.0147402
4.48268e-07 1 4.91169e-05 49.9948 1 -4.50941e-07 5.44289e-05 0.00439156 5.44289e-05 4.91169e-05 -1 -0.0154132
5.6806e-07 1 6.72503e-05 50.9936 1 -5.76172e-07 0.000120622 0.00101571 0.000120622 6.72503e-05 -1 -0.0162019
6.72062e-07 1 -1.03566e-05 51.9976 1 -6.70852e-07 0.00011689 0.00117927 0.00011689 -1.03567e-05 -1 -0.017135
1.06109e-06 1 -1.67988e-05 52.9979 1 -1.05876e-06 0.00013875 -8.74014e-05 0.00013875 -1.6799e-05 -1 -0.0176016
1.10929e-06 1 6.28268e-05 53.9932 1 -1.12195e-06 0.000201525 -0.003842 0.000201525 6.28266e-05 -1 -0.0183189
1.11726e-06 1 1.7653e-05 54.9956 1 -1.12075e-06 0.000198153 -0.00391503 0.000198153 1.76528e-05 -1 -0.0188712
9.62767e-07 1 1.88073e-05 55.9954 1 -9.67757e-07 0.000265339 -0.00838214 0.000265339 1.8807e-05 -1 -0.0197856
9.05752e-07 1 9.77003e-05 56.9902 1 -9.41308e-07 0.000363935 -0.0151873 0.000363935 9.77e-05 -1 -0.020934
9.84559e-07 1 3.70192e-05 57.9938 1 -1.00045e-06 0.000429189 -0.020285 0.000429189 3.70188e-05 -1 -0.0213762
1.09392e-06 1 9.7116e-05 58.9895 1 -1.14162e-06 0.000491082 -0.0255095 0.000491082 9.71155e-05 -1 -0.0224303
1.08663e-06 1 5.86693e-05 59.9917 1 -1.11327e-06 0.000454175 -0.0242522 0.000454175 5.86688e-05 -1 -0.0229835
1.12707e-06 1 4.46841e-05 60.9924 1 -1.14874e-06 0.000484971 -0.0276719 0.000484971 4.46835e-05 -1 -0.0232557
1.15946e-06 1 -8.92379e-05 62.002 1 -1.11165e-06 0.000535739 -0.0327395 0.000535739 -8.92385e-05 -1 -0.0240017
1.2453e-06 1 -0.000113713 63.004 1 -1.19214e-06 0.000467499 -0.0291651 0.000467499 -0.000113713 -1 -0.0243664
1.26049e-06 1 -8.29597e-05 64.0018 1 -1.2316e-06 0.000348141 -0.0213178 0.000348141 -8.29601e-05 -1 -0.0250223
1.14578e-06 1 -0.000229497 65.0136 1 -1.01929e-06 0.000551142 -0.0384154 0.000551142 -0.000229497 -1 -0.0253858
1.15383e-06 1 -0.000365759 66.0254 1 -1.00426e-06 0.000408953 -0.0285534 0.000408952 -0.000365759 -1 -0.0268763
9.58203e-07 1 -0.000168296 67.0101 1 -9.02358e-07 0.000331827 -0.0234134 0.000331827 -0.000168296 -1 -0.0277682
9.23622e-07 1 -0.000149977 68.009 1 -8.89933e-07 0.000224627 -0.0152687 0.000224627 -0.000149978 -1 -0.0284101
8.47301e-07 1 0.000338999 68.9665 1 -9.53487e-07 0.000313235 -0.0237146 0.000313235 0.000338999 -1 -0.0290609
9.61283e-07 1 6.19288e-05 69.9901 1 -9.59854e-07 -2.3077e-05 0.00558372 -2.30769e-05 6.19288e-05 -1 -0.030693
1.11319e-06 1 -9.0933e-05 71.004 1 -1.1084e-06 5.27357e-05 -0.00121956 5.27356e-05 -9.0933e-05 -1 -0.0312336
1.09592e-06 1 -0.000201158 72.0146 1 -1.00637e-06 0.000445197 -0.0384774 0.000445197 -0.000201159 -1 -0.0324946
1.06044e-06 1 -7.06129e-05 73.0027 1 -1.00223e-06 0.000824286 -0.0768209 0.000824286 -7.06137e-05 -1 -0.0338499
8.58154e-07 1 -7.13494e-05 74.0029 1 -7.95362e-07 0.000880057 -0.0854187 0.000880057 -7.13501e-05 -1 -0.0350478
6.01528e-07 1 -6.47627e-06 74.9965 1 -5.99482e-07 0.000315885 -0.0312941 0.000315885 -6.47646e-06 -1 -0.0359528
8.62163e-07 1 -0.0006365 76.0622 1 -6.09295e-07 0.000397279 -0.0410069 0.000397279 -0.0006365 -1 -0.0380665
9.29011e-07 1 -0.000916197 77.0945 1 -3.00961e-07 0.000685497 -0.0733064 0.000685497 -0.000916197 -0.999999 -0.0397713
9.95738e-07 0.999999 -0.00102902 78.1105 1 -2.36556e-07 0.000737775 -0.0817646 0.000737775 -0.00102902 -0.999999 -0.0404711
1.02266e-06 0.999999 -0.00119477 79.1332 0.999999 4.59548e-07 0.00124058 -0.140982 0.00124058 -0.00119477 -0.999999 -0.042588
9.67239e-07 0.999999 -0.00108969 80.1262 1 -1.08633e-07 0.000787933 -0.0943709 0.000787932 -0.0010897 -0.999999 -0.04315
1.00855e-06 0.999999 -0.00140914 81.1682 1 -1.3515e-07 0.000619814 -0.0780744 0.000619813 -0.00140914 -0.999999 -0.0439569
1.09089e-06 0.999999 -0.00169758 82.2088 1 3.58831e-07 0.000853992 -0.108795 0.000853991 -0.00169758 -0.999998 -0.0461799
4.8881e-07 0.999999 -0.00118928 83.1541 0.999999 1.54087e-06 0.00170664 -0.21682 0.00170664 -0.00118928 -0.999998 -0.04756
7.13132e-07 0.999999 -0.0012961 84.1729 0.999998 2.09101e-06 0.00216352 -0.28139 0.00216352 -0.0012961 -0.999997 -0.0482199
2.25259e-06 0.999998 -0.00195549 85.2631 0.999998 1.99916e-06 0.00217426 -0.29242 0.00217426 -0.00195549 -0.999996 -0.0490174
2.82319e-06 0.999997 -0.00242952 86.3339 0.999999 9.81104e-07 0.00156586 -0.222953 0.00156586 -0.00242952 -0.999996 -0.0504973
3.39019e-06 0.999996 -0.00291146 87.4094 0.999999 4.16226e-07 0.00130739 -0.195919 0.00130738 -0.00291146 -0.999995 -0.0509672
3.92284e-06 0.999994 -0.00331735 88.4783 1 -1.15045e-06 0.000835729 -0.13817 0.00083572 -0.00331735 -0.999994 -0.0518001
3.76136e-06 0.999995 -0.00309805 89.4637 1 -3.81957e-06 -1.87839e-05 -0.0238854 -1.87957e-05 -0.00309805 -0.999995 -0.0527584
4.13731e-06 0.999996 -0.00284227 90.4425 0.999999 -7.24357e-06 -0.00109287 0.127805 -0.00109289 -0.00284226 -0.999995 -0.0537295
4.30407e-06 0.999996 -0.0027052 91.437 1 -6.57791e-06 -0.000840536 0.0957393 -0.00084055 -0.0027052 -0.999996 -0.0548766
4.94881e-06 0.999998 -0.00193781 92.3376 0.999999 -7.12728e-06 -0.00112419 0.140897 -0.0011242 -0.0019378 -0.999997 -0.0566747
5.79681e-06 0.999999 -0.00145504 93.2755 0.999999 -7.28229e-06 -0.00102092 0.130091 -0.00102093 -0.00145503 -0.999998 -0.0583116
5.16213e-06 0.999998 -0.00178173 94.3342 0.999999 -7.26045e-06 -0.00117768 0.158548 -0.00117769 -0.00178172 -0.999998 -0.0614759
5.34514e-06 0.999998 -0.00175392 95.34 0.999999 -7.30199e-06 -0.00111569 0.154106 -0.0011157 -0.00175392 -0.999998 -0.0634574
6.05496e-06 0.999999 -0.00122196 96.2653 0.999999 -7.4512e-06 -0.00114261 0.163411 -0.00114262 -0.00122195 -0.999999 -0.0644808
5.84999e-06 0.999997 -0.00249384 97.4802 1 -4.83438e-06 0.000407254 -0.0835436 0.000407241 -0.00249384 -0.999997 -0.0660348
5.29924e-06 0.999998 -0.00179732 98.3788 1 -4.91868e-06 0.000211745 -0.0533148 0.000211735 -0.00179732 -0.999998 -0.0680434
5.57306e-06 0.999998 -0.00204041 99.4309 1 -4.76241e-06 0.000397302 -0.0859653 0.000397291 -0.00204042 -0.999998 -0.0684984
8.38978e-05 0.999998 -0.00196157 100.43 1 -8.37672e-05 6.66888e-05 -0.0312522 6.65244e-05 -0.00196158 -0.999998 -0.0702313
0.00704433 0.999971 -0.00278292 101.586 0.999975 -0.00704379 0.000205604 -0.0589883 0.000185995 -0.0027843 -0.999996 -0.070831
0.0197013 0.999803 -0.0024036 102.535 0.999806 -0.0197003 0.000431266 -0.11375 0.000383829 -0.00241163 -0.999997 -0.0720601
0.0343401 0.999407 -0.00251745 103.57 0.99941 -0.0343401 3.69308e-05 -0.0713677 -4.95404e-05 -0.00251723 -0.999997 -0.0742802
0.0496628 0.998761 -0.00325176 104.721 0.998766 -0.0496617 0.000437454 -0.187841 0.000275424 -0.00326947 -0.999995 -0.0779728
0.0652159 0.997867 -0.00293225 105.679 0.997871 -0.0652153 0.000308668 -0.223635 0.000116782 -0.00294614 -0.999996 -0.0789705
0.0808371 0.996723 -0.00298052 106.704 0.996727 -0.0808358 0.000558338 -0.346474 0.000315575 -0.0030159 -0.999995 -0.0819288
0.0964707 0.995334 -0.0017442 107.478 0.995335 -0.096468 0.0015427 -0.631398 0.00136724 -0.00188489 -0.999997 -0.084643
0.112086 0.993696 -0.00226155 108.588 0.993698 -0.112083 0.00149003 -0.733388 0.00122715 -0.00241431 -0.999996 -0.0858868
0.127681 0.991814 -0.0017178 109.486 0.991815 -0.127679 0.00121893 -0.807379 0.000989629 -0.00185937 -0.999998 -0.0889163
0.143242 0.989686 -0.00191754 110.53 0.989688 -0.14324 0.000847199 -0.873239 0.000563792 -0.00201912 -0.999998 -0.0902586
0.158769 0.987314 -0.00196503 111.544 0.987315 -0.158767 0.0013412 -1.13294 0.0010122 -0.00215304 -0.999997 -0.089928
0.174263 0.984698 -0.00118229 112.378 0.984698 -0.174261 0.00146623 -1.33557 0.00123777 -0.00141971 -0.999998 -0.0922375
0.189698 0.981839 -0.00242405 113.64 0.981842 -0.189695 0.00125858 -1.47871 0.000775893 -0.00261878 -0.999996 -0.0948404
0.205094 0.978739 -0.00263671 114.683 0.978742 -0.205093 0.000909084 -1.6064 0.000348986 -0.00276711 -0.999996 -0.0969855
0.220463 0.975395 -0.000799876 115.269 0.975395 -0.220462 0.00112124 -1.87811 0.000917307 -0.00102739 -0.999999 -0.0985615
0.235753 0.971812 -0.00110912 116.318 0.971813 -0.235753 5.935e-06 -1.85879 -0.00025571 -0.00107926 -0.999999 -0.0986385
0.250993 0.967989 -0.000793781 117.226 0.967989 -0.250993 0.000214524 -2.15261 8.42366e-06 -0.000822216 -1 -0.099602
0.266152 0.96393 -0.00160307 118.399 0.96393 -0.266149 0.00192867 -2.8124 0.00143245 -0.00205857 -0.999997 -0.10395
0.281246 0.959633 -0.00240962 119.571 0.959634 -0.281239 0.00286139 -3.31691 0.00206821 -0.00311711 -0.999993 -0.108131
0.296275 0.955098 -0.00289854 120.667 0.9551 -0.296266 0.00308652 -3.67567 0.0020892 -0.00368286 -0.999991 -0.108909
0.311234 0.950328 -0.00328885 121.732 0.950333 -0.311228 0.00213201 -3.76105 0.00100253 -0.00378905 -0.999992 -0.110047
0.326133 0.94532 -0.00291902 122.608 0.945324 -0.326129 0.00155669 -3.95238 0.000519593 -0.0032671 -0.999995 -0.109673
0.340928 0.940084 -0.00337251 123.692 0.940089 -0.340922 0.00202707 -4.41294 0.000755854 -0.00386155 -0.999992 -0.111336
0.35567 0.934608 -0.00266269 124.476 0.934611 -0.355664 0.00243276 -4.88578 0.00132665 -0.00335384 -0.999993 -0.113916
0.370309 0.928905 -0.00263228 125.417 0.928908 -0.370305 0.00202767 -5.15959 0.000908772 -0.00319601 -0.999994 -0.113358
0.384863 0.922971 -0.00245335 126.311 0.922974 -0.384861 0.00136487 -5.37645 0.000315538 -0.00278967 -0.999996 -0.114397
0.399313 0.916811 -0.00261798 127.283 0.916814 -0.399314 0.000226464 -5.46893 -0.000837772 -0.00249063 -0.999997 -0.113384
0.413699 0.910412 -0.00196275 128.023 0.910412 -0.413702 -0.0010874 -5.52592 -0.00180198 -0.00133706 -0.999997 -0.10905
0.427969 0.903792 -0.00153158 128.823 0.903791 -0.427971 -0.00140582 -5.85848 -0.00192604 -0.000782585 -0.999998 -0.108924
0.442132 0.896949 -0.00106705 129.609 0.896948 -0.442133 -0.00125777 -6.33447 -0.00159993 -0.000400991 -0.999999 -0.111258
0.456189 0.889882 -0.0006538 130.391 0.889881 -0.45619 -0.00160589 -6.68341 -0.00172731 0.000150785 -0.999998 -0.111505
0.470117 0.882604 -0.000689013 131.285 0.882601 -0.470117 -0.0023251 -6.9284 -0.00237606 0.000484942 -0.999997 -0.106821
0.483909 0.875118 -0.000922893 132.242 0.875115 -0.48391 -0.00233013 -7.3866 -0.00248574 0.000319937 -0.999997 -0.105688
0.497611 0.8674 -0.000599008 133.032 0.867398 -0.497611 -0.00208925 -7.94108 -0.00211028 0.000520053 -0.999998 -0.109851
0.511172 0.859478 -0.000499216 133.884 0.859477 -0.511172 -0.00157958 -8.58894 -0.0016128 0.000378374 -0.999999 -0.116996
0.524575 0.851364 -0.000724988 134.845 0.851364 -0.524575 -0.000259005 -9.4997 -0.000600818 -0.000481361 -1 -0.127651
0.537883 0.843019 -0.000921629 135.748 0.843018 -0.537884 -0.0010193 -9.78853 -0.00135502 -0.000228686 -0.999999 -0.122898
0.551046 0.834474 -0.000839996 136.595 0.834475 -0.551046 -5.44512e-05 -10.6337 -0.000508315 -0.000670951 -1 -0.135513
0.564112 0.825698 -0.000663778 137.362 0.825698 -0.564112 -0.000760066 -10.9698 -0.00100203 -0.000119318 -0.999999 -0.131174
0.576988 0.816752 -0.00112147 138.331 0.816751 -0.57699 -0.00121155 -11.3764 -0.00163661 -0.000216908 -0.999999 -0.129491
0.589721 0.807605 -0.00151497 139.282 0.807604 -0.589723 -0.00140289 -11.8783 -0.00202639 -0.00039618 -0.999998 -0.127563
0.602339 0.798239 -0.0013729 140.06 0.798238 -0.602341 -0.00118545 -12.5412 -0.00177322 -0.000381857 -0.999998 -0.133436
0.614841 0.788651 -0.000771742 140.676 0.78865 -0.614842 -0.000818724 -13.2847 -0.00112019 -0.000105249 -0.999999 -0.141071
0.6271 0.778937 -0.00145571 141.702 0.778937 -0.627102 -0.00095438 -13.8313 -0.00165628 -0.000535417 -0.999998 -0.14039
0.639389 0.768883 -0.000282092 142.051 0.768882 -0.639388 -0.00186043 -14.1816 -0.00161082 0.000972641 -0.999998 -0.13741
0.651402 0.758733 -0.000298452 142.812 0.758731 -0.6514 -0.00231028 -14.6558 -0.0019473 0.00127848 -0.999997 -0.131503
0.663241 0.748406 -0.000546019 143.636 0.748401 -0.663239 -0.00297602 -15.0495 -0.00258941 0.00156518 -0.999995 -0.123532
0.674909 0.737901 -0.000509687 144.384 0.737897 -0.674908 -0.00274508 -15.7814 -0.00236959 0.00147658 -0.999996 -0.129002
0.686458 0.727169 -0.000141645 144.984 0.727166 -0.686456 -0.00288771 -16.4039 -0.00219708 0.00187929 -0.999996 -0.131717
0.697841 0.716253 0.000229489 145.565 0.71625 -0.697837 -0.00306512 -17.0248 -0.00203525 0.00230334 -0.999995 -0.132015
0.709003 0.705206 0.000186225 146.293 0.705203 -0.708999 -0.00310799 -17.6877 -0.00205974 0.0023349 -0.999995 -0.131657
0.719938 0.694038 -0.000442276 147.226 0.694034 -0.719935 -0.00333409 -18.2637 -0.0026324 0.00209338 -0.999994 -0.124506
0.730808 0.682583 -5.15325e-05 147.755 0.682578 -0.730803 -0.00362628 -18.8708 -0.0025129 0.00261494 -0.999993 -0.120779
0.741438 0.671021 -0.000187843 148.478 0.671016 -0.741433 -0.00386381 -19.4793 -0.00273197 0.00273873 -0.999993 -0.115912
0.751805 0.659384 -0.00113613 149.503 0.659375 -0.751802 -0.00427854 -19.9831 -0.00367535 0.00246749 -0.99999 -0.0989278
0.762088 0.647472 -0.00125044 150.186 0.647461 -0.762084 -0.00477488 -20.4996 -0.00404454 0.00282927 -0.999988 -0.090012
0.772096 0.635504 -0.00179749 151.067 0.635491 -0.772094 -0.00471429 -21.2228 -0.00438378 0.00249759 -0.999987 -0.0827021
0.782067 0.623193 -0.00102977 151.402 0.623183 -0.782062 -0.00462368 -22.0453 -0.00368679 0.0029743 -0.999989 -0.086473
0.791674 0.610942 -0.00127394 152.182 0.610934 -0.791672 -0.00385356 -23.1022 -0.00336285 0.00227247 -0.999992 -0.0921222
0.801047 0.598599 -0.00191463 153.116 0.598592 -0.801048 -0.00320878 -24.0978 -0.00345448 0.0014243 -0.999993 -0.0942802
0.810295 0.586018 -0.00201873 153.811 0.586013 -0.810297 -0.00267666 -25.0964 -0.00320434 0.000985879 -0.999994 -0.100098
0.819299 0.573362 -0.0023533 154.612 0.573359 -0.819302 -0.00193898 -26.1826 -0.0030398 0.000239316 -0.999995 -0.109345
0.828302 0.560279 -0.00185106 154.952 0.560275 -0.828304 -0.00236521 -26.8356 -0.00285842 0.000922005 -0.999995 -0.10809
0.836978 0.547233 -0.00187047 155.551 0.54723 -0.83698 -0.00214804 -27.7444 -0.00274102 0.000774282 -0.999996 -0.10601
0.845575 0.533855 -0.00125974 155.812 0.533851 -0.845575 -0.00246879 -28.4699 -0.00238318 0.00141504 -0.999996 -0.103762
0.85383 0.520551 -0.00112731 156.336 0.520548 -0.85383 -0.00201153 -29.5109 -0.00200963 0.00113069 -0.999997 -0.119162
0.861955 0.506984 -0.00111162 156.811 0.50698 -0.861954 -0.00254578 -30.1079 -0.00224884 0.00163077 -0.999996 -0.105572
0.869835 0.493342 -0.000876769 157.224 0.493339 -0.869834 -0.00247974 -30.9981 -0.001986 0.00172442 -0.999997 -0.112888
0.877504 0.47957 -0.000473774 157.557 0.479568 -0.877502 -0.00225928 -31.9847 -0.00149922 0.00175532 -0.999997 -0.126125
0.884907 0.465768 -0.000606166 158.109 0.465766 -0.884905 -0.00220828 -32.8562 -0.00156495 0.00167179 -0.999997 -0.125935
0.892083 0.45187 -0.000946778 158.733 0.451867 -0.892082 -0.00231398 -33.6416 -0.00189022 0.00163645 -0.999997 -0.117331
0.899055 0.437834 -0.00125413 159.324 0.43783 -0.899054 -0.00250028 -34.3935 -0.00222224 0.0016988 -0.999996 -0.108921
0.905846 0.423606 -0.000527684 159.473 0.423605 -0.905845 -0.00195534 -35.6104 -0.00130629 0.00154771 -0.999998 -0.133098
0.912401 0.409297 -0.000909396 160.039 0.409294 -0.912399 -0.00244299 -36.2135 -0.00182964 0.00185677 -0.999997 -0.12226
0.918685 0.39499 -0.00102133 160.532 0.394987 -0.918684 -0.00227906 -37.1747 -0.00183849 0.00169033 -0.999997 -0.124247
0.924854 0.380321 -0.000486916 160.641 0.380319 -0.924852 -0.00243673 -38.0572 -0.00137706 0.00206843 -0.999997 -0.121823
0.930695 0.365795 -0.000558026 161.073 0.365793 -0.930693 -0.00234629 -38.9988 -0.00137761 0.00197956 -0.999997 -0.122627
0.93633 0.351122 -1.48783e-05 161.22 0.351121 -0.936328 -0.00188851 -40.2067 -0.000677027 0.00176304 -0.999998 -0.147179
0.94173 0.33637 0.0001648 161.493 0.33637 -0.941728 -0.00174743 -41.2278 -0.000432588 0.00170104 -0.999998 -0.147475
0.946839 0.321708 -2.3005e-05 161.975 0.321708 -0.946838 -0.0014227 -42.3005 -0.000479475 0.00133966 -0.999999 -0.156373
0.951804 0.306706 1.31377e-05 162.251 0.306705 -0.951803 -0.00162863 -43.1266 -0.000487006 0.00155417 -0.999999 -0.155124
0.956526 0.291648 5.87555e-05 162.515 0.291648 -0.956524 -0.00176344 -43.9949 -0.000458104 0.00170391 -0.999998 -0.154685
0.960892 0.276922 -0.000323518 163.09 0.276922 -0.960892 -0.00126281 -45.1617 -0.000660565 0.00112383 -0.999999 -0.15586
0.965102 0.261875 -0.000531691 163.493 0.261874 -0.965101 -0.00123046 -46.0979 -0.000835363 0.00104829 -0.999999 -0.154172
0.969125 0.246569 -0.00068852 163.791 0.246568 -0.969124 -0.00158826 -46.8298 -0.00105888 0.00136945 -0.999999 -0.138627
0.972948 0.231025 -0.000445501 163.834 0.231024 -0.972946 -0.00202355 -47.5735 -0.00090094 0.00186589 -0.999998 -0.129328
0.976528 0.21539 0.000122594 163.697 0.21539 -0.976525 -0.00228693 -48.4609 -0.000372867 0.00225966 -0.999997 -0.134155
0.97973 0.200322 7.31171e-05 164.028 0.200322 -0.979729 -0.00177173 -49.7077 -0.000283281 0.00175046 -0.999998 -0.144269
0.982753 0.184923 -0.000208794 164.365 0.184923 -0.982751 -0.00191826 -50.5414 -0.000559923 0.00184656 -0.999998 -0.130811
0.985502 0.169665 7.31845e-05 164.484 0.169665 -0.985501 -0.00140508 -51.847 -0.000166269 0.00139712 -0.999999 -0.15974
0.988054 0.154106 0.00100011 164.187 0.154107 -0.988054 -0.00097335 -53.2226 0.00083816 0.00111585 -0.999999 -0.205814
0.990351 0.138576 0.00130138 164.187 0.138577 -0.990351 -0.000797813 -54.3573 0.00117827 0.000970455 -0.999999 -0.22251
0.99241 0.122959 0.00179886 164.049 0.12296 -0.992411 -0.000611187 -55.5425 0.00171006 0.000827736 -0.999998 -0.242786
0.99422 0.10735 0.00144286 164.334 0.107351 -0.994221 -0.000801516 -56.3542 0.00134848 0.000951776 -0.999999 -0.223689
0.995771 0.0918506 0.00197367 164.197 0.0918515 -0.995773 -0.000365135 -57.7044 0.00193178 0.000544875 -0.999998 -0.261729
0.997127 0.0757074 0.00246227 163.875 0.0757095 -0.99713 -0.000791095 -58.5221 0.00239531 0.000975239 -0.999997 -0.267591
0.998192 0.0600562 0.00226677 164.036 0.0600582 -0.998195 -0.000853499 -59.4396 0.00221142 0.000988094 -0.999997 -0.259162
0.999015 0.0442844 0.00272763 163.815 0.0442866 -0.999019 -0.000749342 -60.5763 0.00269177 0.000869401 -0.999996 -0.295365
0.999586 0.0286148 0.00300141 163.693 0.0286167 -0.99959 -0.000609225 -61.715 0.00298275 0.000694864 -0.999995 -0.31455
0.999911 0.013054 0.00291462 163.768 0.0130557 -0.999915 -0.000557358 -62.7213 0.00290709 0.00059536 -0.999996 -0.32454
0.999986 0.00435911 0.00282856 163.814 0.00436065 -0.99999 -0.000538092 -63.7175 0.00282619 0.000550419 -0.999996 -0.320766
0.999996 0.00129053 0.00263005 163.916 0.00129214 -0.999999 -0.00061084 -64.6166 0.00262925 0.000614235 -0.999996 -0.322548
0.999996 0.000116699 0.0027217 163.812 0.000118608 -1 -0.000701427 -65.5757 0.00272162 0.000701747 -0.999996 -0.321862
0.999997 -0.000199247 0.00245986 163.956 -0.000197446 -1 -0.000732607 -66.4953 0.00246001 0.000732119 -0.999997 -0.30837
0.999996 -0.000243305 0.00294178 163.678 -0.000241793 -1 -0.000514265 -67.7473 0.0029419 0.000513552 -0.999996 -0.342748
0.999995 -0.000130044 0.00314112 163.588 -0.00012909 -1 -0.000303954 -68.9299 0.00314115 0.000303547 -0.999995 -0.371525
0.999995 -0.000128191 0.00327337 163.498 -0.000127391 -1 -0.000244625 -69.9966 0.00327341 0.000244207 -0.999995 -0.391855
0.999994 -0.000229509 0.00359599 163.25 -0.000228596 -1 -0.000254164 -71.0699 0.00359605 0.000253341 -0.999994 -0.410806
0.999992 -0.000882207 0.00394702 162.849 -0.000879376 -0.999999 -0.000718782 -71.8197 0.00394765 0.000715305 -0.999992 -0.426505
0.999993 -0.00094716 0.00354793 163.052 -0.000944138 -0.999999 -0.000853497 -72.6189 0.00354874 0.000850141 -0.999993 -0.408094
0.999993 -0.000678429 0.00367875 163 -0.000676158 -1 -0.000618616 -73.8231 0.00367917 0.000616125 -0.999993 -0.421784
0.999993 -0.000442926 0.00362226 163.061 -0.000441311 -1 -0.000446647 -74.9352 0.00362245 0.000445046 -0.999993 -0.426363
0.999995 -0.000326988 0.00319268 163.329 -0.00032558 -1 -0.000441529 -75.8314 0.00319282 0.000440487 -0.999995 -0.399315
0.999994 -0.000396693 0.00350388 163.09 -0.000395172 -1 -0.000434733 -76.9125 0.00350405 0.000433346 -0.999994 -0.429164
0.999994 -0.000671983 0.00343963 163.049 -0.000669803 -1 -0.000634782 -77.7338 0.00344005 0.000632475 -0.999994 -0.435619
0.999995 -0.000680198 0.00321042 163.183 -0.000678082 -1 -0.000660184 -78.6396 0.00321087 0.000658003 -0.999995 -0.435028
0.999995 -0.000491161 0.00312181 163.271 -0.000489523 -1 -0.000525669 -79.7071 0.00312207 0.000524138 -0.999995 -0.445637
0.999995 -0.000562089 0.00320785 163.163 -0.000560257 -1 -0.000572084 -80.6965 0.00320817 0.000570284 -0.999995 -0.44984
0.999996 -0.000572009 0.00293728 163.336 -0.000570279 -1 -0.000589884 -81.5881 0.00293762 0.000588207 -0.999996 -0.450182
0.999995 -0.000408657 0.00305909 163.264 -0.000407224 -1 -0.000468926 -82.7167 0.00305928 0.000467678 -0.999995 -0.463676
0.999995 -0.000629679 0.0029529 163.248 -0.000627795 -1 -0.000638914 -83.5533 0.0029533 0.000637058 -0.999995 -0.448639
0.999996 -0.000712142 0.00277101 163.333 -0.000710189 -0.999999 -0.000705715 -84.4366 0.00277152 0.000703744 -0.999996 -0.441044
0.999996 -0.000755012 0.00282023 163.277 -0.000752995 -0.999999 -0.000716106 -85.4276 0.00282077 0.000713979 -0.999996 -0.460234
0.999996 -0.000692516 0.00269266 163.35 -0.000690654 -1 -0.000692361 -86.4054 0.00269314 0.000690499 -0.999996 -0.44829
0.999997 -0.000662002 0.00253129 163.453 -0.000660286 -1 -0.000678864 -87.3558 0.00253174 0.000677191 -0.999997 -0.442688
0.999997 -0.000735733 0.00226135 163.61 -0.000734064 -0.999999 -0.000738827 -88.2108 0.00226189 0.000737165 -0.999997 -0.424633
0.999997 -0.000529214 0.00232248 163.596 -0.000527811 -1 -0.000604579 -89.3329 0.0023228 0.000603352 -0.999997 -0.435672
0.999997 -0.000192462 0.00249805 163.538 -0.000191513 -1 -0.000380118 -90.5676 0.00249813 0.000379638 -0.999997 -0.46322
0.999997 -0.000192987 0.00258134 163.448 -0.000191997 -1 -0.000383735 -91.5916 0.00258142 0.000383238 -0.999997 -0.46993
0.999996 -0.000163605 0.00281131 163.267 -0.000162606 -1 -0.000355867 -92.686 0.00281137 0.000355408 -0.999996 -0.499751
0.999996 -0.000325354 0.00262671 163.341 -0.000324155 -1 -0.000457137 -93.5321 0.00262686 0.000456284 -0.999996 -0.487316
0.999996 -0.000207977 0.00281362 163.21 -0.000206911 -1 -0.000378939 -94.6563 0.0028137 0.000378355 -0.999996 -0.514329
0.999996 -0.00033733 0.00291368 163.071 -0.000335984 -1 -0.00046244 -95.6181 0.00291383 0.000461459 -0.999996 -0.524918
0.999996 5.93861e-05 0.00295332 163.138 5.99742e-05 -1 -0.00019904 -96.8446 0.00295331 0.000199217 -0.999996 -0.553044
0.999996 -3.17418e-05 0.00288937 163.147 -3.10339e-05 -1 -0.000245068 -97.7744 0.00288938 0.000244977 -0.999996 -0.55968
0.999997 -0.000145832 0.00255809 163.371 -0.000145093 -1 -0.000289177 -98.601 0.00255813 0.000288805 -0.999997 -0.547948
0.999997 -0.000181118 0.00246821 163.393 -0.000180328 -1 -0.000320521 -99.5448 0.00246827 0.000320075 -0.999997 -0.531194
0.999997 0.000127118 0.00227873 163.614 0.000127374 -1 -0.000112507 -100.648 0.00227871 0.000112797 -0.999997 -0.524955
0.999998 7.3731e-05 0.00208693 163.755 7.39767e-05 -1 -0.000117635 -101.555 0.00208692 0.00011779 -0.999998 -0.527608
0.999998 0.000266693 0.00208867 163.814 0.000266645 -1 2.30458e-05 -102.665 0.00208868 -2.24888e-05 -0.999998 -0.552022
0.999998 -9.50279e-05 0.00199567 163.742 -9.45877e-05 -1 -0.000220674 -103.423 0.00199569 0.000220485 -0.999998 -0.523923
0.999998 -0.000481713 0.00179415 163.785 -0.000480915 -1 -0.000445441 -104.133 0.00179436 0.000444577 -0.999998 -0.51177
0.999999 -0.000630176 0.00155794 163.913 -0.000629358 -1 -0.000525646 -104.961 0.00155828 0.000524664 -0.999999 -0.484785
0.999998 -0.000673965 0.00164184 163.817 -0.000673047 -1 -0.000560031 -105.952 0.00164221 0.000558925 -0.999998 -0.499221
0.999999 -0.000623941 0.00136283 164.061 -0.000623273 -1 -0.000490486 -106.885 0.00136313 0.000489636 -0.999999 -0.481931
0.999999 -0.000876154 0.00118413 164.128 -0.000875403 -0.999999 -0.000633846 -107.666 0.00118469 0.000632809 -0.999999 -0.470249
0.999999 -0.000871513 0.00113284 164.156 -0.000870802 -0.999999 -0.000627922 -108.639 0.00113339 0.000626934 -0.999999 -0.4643
0.999999 -0.000759267 0.00134512 163.996 -0.000758487 -1 -0.000580416 -109.759 0.00134556 0.000579395 -0.999999 -0.489262
0.999999 -0.000345604 0.0012625 164.187 -0.000345245 -1 -0.000284532 -110.983 0.00126259 0.000284095 -0.999999 -0.481476
0.999999 -0.000199913 0.00135981 164.138 -0.000199644 -1 -0.000197592 -112.096 0.00135985 0.000197321 -0.999999 -0.494476
0.999999 -0.000219496 0.00154564 163.959 -0.000219128 -1 -0.000237913 -113.13 0.00154569 0.000237574 -0.999999 -0.52178
0.999998 -1.12207e-05 0.00189384 163.702 -1.09418e-05 -1 -0.000147268 -114.362 0.00189384 0.000147247 -0.999998 -0.558938
0.999998 0.000270947 0.00204191 163.632 0.000270896 -1 2.50001e-05 -115.59 0.00204192 -2.44469e-05 -0.999998 -0.562889
0.999998 0.000135685 0.00185061 163.725 0.000135777 -1 -4.96501e-05 -116.437 0.0018506 4.99013e-05 -0.999998 -0.536735
0.999998 0.000178431 0.00182042 163.741 0.000178461 -1 -1.63048e-05 -117.454 0.00182042 1.66296e-05 -0.999998 -0.528765
0.999998 7.55615e-05 0.00183954 163.651 7.57683e-05 -1 -0.000112297 -118.377 0.00183953 0.000112436 -0.999998 -0.522407
0.999998 -6.06133e-05 0.00201406 163.416 -6.00837e-05 -1 -0.000263005 -119.313 0.00201407 0.000262883 -0.999998 -0.546407
0.999998 -0.000202374 0.00219343 163.163 -0.000201437 -1 -0.000427371 -120.24 0.00219351 0.000426928 -0.999998 -0.568083
0.999997 -5.41565e-05 0.00244945 162.962 -5.32817e-05 -1 -0.000357175 -121.417 0.00244946 0.000357043 -0.999997 -0.601522
0.999997 -1.73521e-05 0.00225438 163.139 -1.67368e-05 -1 -0.000272971 -122.398 0.00225438 0.000272932 -0.999997 -0.58474
0.999998 -6.70671e-05 0.00207019 163.271 -6.65078e-05 -1 -0.00027023 -123.307 0.00207021 0.000270092 -0.999998 -0.569227
0.999998 -1.69611e-05 0.00203057 163.323 -1.65491e-05 -1 -0.000202917 -124.341 0.00203057 0.000202883 -0.999998 -0.578708
0.999998 4.997e-05 0.00191474 163.465 5.01435e-05 -1 -9.055e-05 -125.378 0.00191473 9.06458e-05 -0.999998 -0.582787
0.999998 1.93664e-05 0.00175402 163.605 1.94792e-05 -1 -6.42549e-05 -126.314 0.00175402 6.4289e-05 -0.999998 -0.582903
0.999999 6.42826e-05 0.00169429 163.669 6.42743e-05 -1 4.91626e-06 -127.345 0.00169429 -4.80736e-06 -0.999999 -0.5768
0.999999 0.000101944 0.00170014 163.675 0.000101857 -1 5.16635e-05 -128.385 0.00170015 -5.14903e-05 -0.999999 -0.587046
0.999999 -5.31099e-05 0.00158205 163.669 -5.29387e-05 -1 -0.00010825 -129.179 0.00158205 0.000108166 -0.999999 -0.567541
0.999999 -0.000107956 0.00168609 163.465 -0.000107545 -1 -0.000243594 -130.113 0.00168612 0.000243413 -0.999999 -0.545253
0.999999 -0.000142881 0.0016551 163.439 -0.000142404 -1 -0.000288215 -131.054 0.00165514 0.000287979 -0.999999 -0.53136
0.999998 -0.000119327 0.00173945 163.35 -0.000118827 -1 -0.00028726 -132.088 0.00173949 0.000287053 -0.999998 -0.54732
0.999998 -0.000249993 0.0017293 163.259 -0.00024914 -1 -0.000493264 -132.876 0.00172943 0.000492832 -0.999998 -0.581197
0.999998 -0.000192446 0.00184091 163.17 -0.000191634 -1 -0.000441355 -133.969 0.00184099 0.000441001 -0.999998 -0.600744
0.999999 -0.000391022 0.00160426 163.206 -0.00038986 -1 -0.000724977 -134.581 0.00160455 0.000724351 -0.999998 -0.574722
0.999999 -0.000488838 0.0012729 163.457 -0.000487889 -1 -0.000745975 -135.38 0.00127327 0.000745353 -0.999999 -0.536706
0.999999 -0.000579169 0.00108125 163.545 -0.000578242 -0.999999 -0.000857199 -136.167 0.00108174 0.000856574 -0.999999 -0.512511
0.999999 -0.000544285 0.00110058 163.557 -0.000543448 -1 -0.000760612 -137.249 0.00110099 0.000760013 -0.999999 -0.512621
0.999999 -0.000555606 0.00104711 163.577 -0.000554816 -1 -0.000755015 -138.215 0.00104753 0.000754434 -0.999999 -0.492095
0.999999 -0.000495911 0.00112201 163.621 -0.000495306 -1 -0.000539076 -139.428 0.00112228 0.00053852 -0.999999 -0.525001
0.999999 -0.000493323 0.00114371 163.566 -0.000492693 -1 -0.000550574 -140.419 0.00114398 0.00055001 -0.999999 -0.511498
0.999999 -0.000478672 0.00115547 163.626 -0.000478192 -1 -0.000415736 -141.527 0.00115567 0.000415183 -0.999999 -0.540829
0.999999 -0.000462093 0.00124351 163.465 -0.000461435 -1 -0.000530094 -142.46 0.00124375 0.00052952 -0.999999 -0.540089
0.999999 -0.00048195 0.0011705 163.568 -0.000481452 -1 -0.000426036 -143.501 0.0011707 0.000425472 -0.999999 -0.54
0.999999 -0.000422779 0.00127589 163.279 -0.00042179 -1 -0.000775655 -144.23 0.00127622 0.000775116 -0.999999 -0.548802
0.999999 -0.000366773 0.00140335 163.019 -0.000365381 -0.999999 -0.00099237 -145.091 0.00140371 0.000991856 -0.999999 -0.53877
0.999999 -0.000366477 0.0015412 162.947 -0.000365135 -1 -0.000870817 -146.252 0.00154152 0.000870254 -0.999998 -0.573858
0.999998 -0.00033498 0.00188636 162.658 -0.000333502 -1 -0.000783803 -147.495 0.00188662 0.000783172 -0.999998 -0.614433
0.999998 -0.000288028 0.00185515 162.595 -0.000286318 -1 -0.0009218 -148.341 0.00185541 0.000921267 -0.999998 -0.619854
0.999998 -0.000370475 0.00195554 162.592 -0.000369117 -1 -0.000694604 -149.581 0.0019558 0.000693881 -0.999998 -0.637011
0.999998 -0.000445432 0.00188819 162.684 -0.000444364 -1 -0.000566196 -150.648 0.00188844 0.000565356 -0.999998 -0.626159
0.999998 -0.000500238 0.00173443 162.822 -0.000499362 -1 -0.000505628 -151.61 0.00173468 0.000504761 -0.999998 -0.60583
0.999999 -0.000526233 0.00157333 162.95 -0.000525462 -1 -0.000490742 -152.526 0.00157359 0.000489914 -0.999999 -0.591743
0.999998 -0.000717824 0.00158349 163.043 -0.000717476 -1 -0.000220196 -153.76 0.00158364 0.00021906 -0.999999 -0.583541
0.999998 -0.0006339 0.00179552 162.77 -0.000633328 -1 -0.000318962 -154.778 0.00179572 0.000317824 -0.999998 -0.595965
0.999998 -0.000784007 0.00175366 162.849 -0.00078374 -1 -0.000153297 -155.895 0.00175378 0.000151922 -0.999998 -0.572762
0.999998 -0.000717955 0.00182042 162.744 -0.000717565 -1 -0.000214691 -156.867 0.00182058 0.000213384 -0.999998 -0.598225
0.999998 -0.00110276 0.00191428 162.814 -0.00110311 -0.999999 0.000180434 -158.257 0.00191408 -0.000182545 -0.999998 -0.5958
0.999998 -0.00139805 0.00170444 163.133 -0.00139886 -0.999999 0.000473158 -159.397 0.00170378 -0.000475541 -0.999998 -0.590546
0.999998 -0.00111905 0.00179521 162.886 -0.00111942 -0.999999 0.000206858 -160.214 0.00179498 -0.000208867 -0.999998 -0.582673
0.999998 -0.00127332 0.00181355 162.92 -0.00127395 -0.999999 0.000346288 -161.341 0.0018131 -0.000348597 -0.999998 -0.600709
0.999998 -0.00128864 0.00170445 163.05 -0.00128938 -0.999999 0.000433303 -162.356 0.00170389 -0.0004355 -0.999998 -0.608168
0.999983 0.00562183 0.0016134 163.121 0.00562109 -0.999984 0.000467501 -163.338 0.00161601 -0.000458424 -0.999999 -0.584664
0.999829 0.0184282 0.00161383 163.063 0.0184276 -0.99983 0.000359496 -164.244 0.00162018 -0.000329696 -0.999999 -0.590293
0.999459 0.0328487 0.00165185 163.108 0.0328479 -0.99946 0.000511012 -165.391 0.00166775 -0.000456476 -0.999999 -0.60272
0.998835 0.048218 0.00181986 162.946 0.0482172 -0.998837 0.000465672 -166.44 0.0018402 -0.000377381 -0.999998 -0.616174
0.997954 0.0639134 0.00170483 163.055 0.0639128 -0.997955 0.000390004 -167.313 0.00172627 -0.000280246 -0.999998 -0.612252
0.996833 0.0795122 0.00156331 163.278 0.0795116 -0.996834 0.000432674 -168.27 0.00159276 -0.000307002 -0.999999 -0.633833
0.995444 0.0953414 0.00147273 163.392 0.095341 -0.995445 0.000335213 -169.135 0.00149798 -0.000193274 -0.999999 -0.635976
0.993801 0.111162 0.00142981 163.469 0.111161 -0.993802 0.000232411 -170.017 0.00144678 -7.20303e-05 -0.999999 -0.634777
0.991936 0.126729 0.00159227 163.409 0.126729 -0.991937 0.000224122 -171.083 0.00160783 -2.05287e-05 -0.999999 -0.653206
0.989828 0.14226 0.00164472 163.475 0.142259 -0.989829 0.000232805 -172.105 0.00166111 3.53893e-06 -0.999999 -0.66046
0.987462 0.157846 0.00171027 163.548 0.157846 -0.987464 0.000207874 -173.103 0.00172165 6.46923e-05 -0.999999 -0.701992
0.984831 0.173505 0.0018132 163.53 0.173505 -0.984833 0.00010586 -174.054 0.00180407 0.000210346 -0.999998 -0.686828
0.981979 0.188984 0.00161164 163.901 0.188984 -0.98198 0.000133327 -174.954 0.00160779 0.000173649 -0.999999 -0.687186
0.978927 0.204207 0.00153085 164.181 0.204207 -0.978928 0.000215282 -175.957 0.00154255 0.000101866 -0.999999 -0.668391
0.975679 0.219199 0.00139955 164.556 0.219199 -0.97568 0.000374094 -176.995 0.00144751 -5.82168e-05 -0.999999 -0.639557
0.972287 0.233786 0.00139841 164.877 0.233785 -0.972288 0.000641764 -178.186 0.00150969 -0.000297051 -0.999999 -0.639808
0.968489 0.249054 0.00140397 165.079 0.249053 -0.96849 0.000626126 -179.146 0.00151567 -0.000256733 -0.999999 -0.623842
0.964357 0.2646 0.00135284 165.32 0.264599 -0.964358 0.000509667 -179.993 0.00143948 -0.000133542 -0.999999 -0.624594
0.960073 0.279748 0.0012889 165.633 0.279748 -0.960073 0.000509613 -180.922 0.00138 -0.000128699 -0.999999 -0.614032
0.955534 0.29488 0.0013148 165.844 0.294879 -0.955534 0.000468172 -181.857 0.00139439 -5.96477e-05 -0.999999 -0.588473
0.950976 0.309263 0.00120497 166.317 0.309263 -0.950976 0.000676162 -182.923 0.00135501 -0.000270361 -0.999999 -0.576111
0.946279 0.323349 0.00126333 166.656 0.323348 -0.94628 0.000913801 -184.09 0.00149094 -0.000456216 -0.999999 -0.587895
0.940846 0.338832 0.00144931 166.706 0.338831 -0.940847 0.000682883 -184.942 0.00159496 -0.000151417 -0.999999 -0.625484
0.935795 0.352541 0.00144878 167.151 0.35254 -0.935796 0.000979647 -186.118 0.00170113 -0.000405995 -0.999998 -0.63191
0.930066 0.36739 0.00139313 167.514 0.367389 -0.930067 0.000930051 -186.988 0.0016374 -0.000353188 -0.999999 -0.596084
0.92429 0.381689 0.00146096 167.821 0.381688 -0.924291 0.000985682 -187.995 0.00172657 -0.000353427 -0.999998 -0.594643
0.917857 0.396909 0.00147215 168.098 0.396908 -0.917858 0.00078127 -188.763 0.00166131 -0.000132788 -0.999999 -0.580732
0.911427 0.411459 0.00137854 168.578 0.411458 -0.911428 0.000758282 -189.621 0.00156844 -0.000123907 -0.999999 -0.597914
0.905058 0.425285 0.00146853 168.917 0.425284 -0.905059 0.000848969 -190.644 0.00169016 -0.000143823 -0.999999 -0.598903
0.897986 0.440022 0.00147669 169.284 0.440022 -0.897987 0.000709356 -191.445 0.00163818 1.27844e-05 -0.999999 -0.628366
0.890885 0.454227 0.00126351 169.926 0.454226 -0.890886 0.000716284 -192.251 0.001451 -6.4208e-05 -0.999999 -0.609271
0.883837 0.467794 0.00121724 170.454 0.467793 -0.883838 0.000815401 -193.197 0.00145728 -0.000151264 -0.999999 -0.616139
0.876678 0.481076 0.00107792 171.108 0.481075 -0.876679 0.000971415 -194.14 0.00141232 -0.000333057 -0.999999 -0.611539
0.868868 0.495042 0.0010558 171.597 0.495041 -0.868869 0.000920283 -194.97 0.00137293 -0.000276938 -0.999999 -0.637743
0.860919 0.508742 0.000977243 172.154 0.508741 -0.860919 0.00090845 -195.793 0.00130349 -0.000284938 -0.999999 -0.618598
0.853111 0.521728 0.00109671 172.57 0.521728 -0.853112 0.000992962 -196.773 0.00145367 -0.000274922 -0.999999 -0.650629
